5.280334469048413304e+00
-8.103034895710429453e+00
1.131659671403916612e+01
-8.359333792224390436e+00
7.222525037979792728e+00
-9.120843050570142552e+00
-8.554807835236911018e+00
-7.653357547867836175e-01
-2.471487734024639504e+00
-4.029690607855736850e+00
-1.941561714294339325e+01
5.777435807618199526e+00
-3.698082789091448497e+00
7.617536759787869372e+00
1.291261542431035991e+01
1.041046263242020053e+01
-9.426411731783218784e+00
-1.383570975946267367e+01
-4.201742969716528719e-01
3.156905212779253844e+00
6.233963216405982166e+00
-2.950949236871590831e+00
-4.183425113768537429e+00
1.243854138721362546e+01
-6.323898491813746858e+00
4.349176120493075004e+00
6.276128891074661542e-01
4.402802523389016010e+00
6.293731584950709390e+00
4.306172166201401197e+00
-1.394051683628947824e+00
-1.142272480691351788e+01
2.042181832606123848e+00
6.954861131712261724e+00
2.377328712135486022e+00
-1.496854688156542323e+01
-1.852332836471114064e+01
3.625839161294097668e+00
8.785563396878632858e+00
2.720443487931789583e+00
-5.586374056492926954e+00
7.571368004935829177e+00
5.789307081438856528e+00
-8.970153329742757364e+00
-5.279054755175291547e+00
-1.585301868133989345e+01
1.521911029474929933e+01
1.530365441296309825e+01
1.015251663270180060e+01
-1.306905599221517278e-01
1.276427361469986721e+01
3.353365520757041196e-01
5.655941145505108736e+00
-3.151663549314731583e-02
-4.097862793547951910e+00
-3.189325970304370372e+00
-6.432660051451475347e+00
5.551231162323034596e+00
1.018928519420895284e+01
1.434461740332745627e+01
3.680724055131185501e+00
1.231028981762211671e+01
-5.191445261918571141e+00
-4.829986649807645804e+00
