1.801641881536487633e+00
1.776554297860076570e+00
5.936472430387971233e-01
-1.289110706748360568e-03
-1.632510225305002227e-01
7.736395469302878025e-01
6.923448268594180055e-01
-7.219820631061284466e-01
-1.464831470343118669e+00
1.805644960259844556e+00
-6.146729783492893562e-01
1.885702685702287162e+00
-4.443724673525265567e-01
-5.504366588381490732e-01
-4.296638495466916785e-01
2.100465520527379226e+00
7.614629354298606545e-01
-1.023320039492791711e+00
-5.793168508099278968e-01
1.148854032413428455e-01
1.111879109695065537e+00
9.063267955295487566e-01
2.270588970984753485e-01
-1.528412301507100501e+00
9.721644308587251704e-01
-1.828397248428075494e+00
5.713565349034288587e-01
-4.507441268061218587e-01
2.434615530560082231e-01
-6.393644367824542485e-01
1.902003013224395356e-01
1.955063913668522169e+00
2.068811654721698368e+00
2.644142867804480379e-01
-4.704368483574985493e-01
5.809625820135492363e-02
-9.351925159639639107e-01
5.182529980633004962e-01
8.061780052139787545e-01
-4.987610353766582794e-01
7.363773352345959200e-01
-2.051918193249376854e-01
-2.233192181352477768e+00
-2.069608865885339821e-01
1.362299222480291450e+00
-9.236243586673928974e-01
3.820358635934473224e-01
-2.056777076576620011e+00
-3.593161030381700205e-01
-2.536229077760347117e+00
2.547684572617857635e-01
-1.565106447819732294e+00
5.637760564508320638e-01
8.478389554451788435e-01
-1.419930922621894798e-01
4.742544349287111660e-02
5.619595583064296296e-01
-3.203761474811294141e-01
-1.450370663711407770e+00
1.397359833225988446e+00
1.377360342316876540e+00
1.205881150411098751e-01
-1.564143910997512821e+00
8.257826944044653894e-01
