53
106
-91
-129
366
1035
1275
939
684
737
641
439
444
1103
1588
1570
1328
1176
924
368
328
1156
1535
1050
535
1050
1328
656
-129
368
1366
1676
1366
1123
924
565
237
555
1348
2045
1848
1035
237
-23
30
-23
237
1035
1901
1992
1257
593
497
843
828
550
515
863
962
825
919
1234
1237
1085
1353
2176
2358
1512
459
146
555
1285
1545
1131
641
381
242
184
641
1535
1939
1179
184
-76
-23
-76
381
1179
1497
1141
863
1002
1325
1560
1628
1719
1873
1772
1315
916
1156
1406
1103
694
853
1290
1045
646
737
1007
886
666
1141
1916
1848
1012
550
906
1146
1098
1194
1093
550
237
906
1785
1454
540
